
## ORDER BY
조회 결과를 특정 attribute(s) 기준으로 정렬하여 가져오고 싶을 때 사용한다.\
default 정렬 방식은 오름차순이다.

* 오름차순 정렬은 ASC로 표기한다
* 내림차순 정렬은 DESC로 표기한다

### ORDER BY 예제
임직원들의 정보를 연봉 순서대로 정렬
```sql
SELECT * FROM employee ORDER BY salary;

+----+---------+------------+------+-----------+-----------+---------+
| id | name    | birth_date | sex  | position  | salary    | dept_id |
+----+---------+------------+------+-----------+-----------+---------+
| 11 | SUZANNE | 1993-03-23 | F    | PO        | 150000000 |    1005 |
|  9 | HENRY   | 1982-05-20 | M    | HR        | 164000000 |    1002 |
| 13 | JISUNG  | 1989-07-07 | M    | PO        | 180000000 |    1005 |
|  3 | JENNY   | 2000-10-12 | F    | DEV_BACK  | 200000000 |    1003 |
|  4 | BROWN   | 1996-03-13 | M    | CEO       | 240000000 |    1001 |
|  5 | DINGYO  | 1990-11-05 | M    | CTO       | 240000000 |    1001 |
|  6 | JULIA   | 1986-12-11 | F    | CFO       | 240000000 |    1001 |
| 14 | SAM     | 1992-08-04 | M    | DEV_INFRA | 280000000 |    1003 |
|  7 | MINA    | 1993-06-17 | F    | DSGN      | 320000000 |    1004 |
| 12 | CURRY   | 1998-01-15 | M    | PLN       | 340000000 |    1005 |
|  2 | JANE    | 1996-05-05 | F    | DSGN      | 360000000 |    1004 |
| 10 | NICOLE  | 1991-03-26 | F    | DEV_FRONT | 360000000 |    1003 |
|  1 | messi   | 1987-02-01 | M    | DEV_BACK  | 400000000 |    1003 |
+----+---------+------------+------+-----------+-----------+---------+
...
```
기본적으로 오름 차순 방식으로 데이터가 출력된다.\
이는 DESC 키워드를 사용해, 내림 차순으로 변경할 수 있다.

```sql
SELECT * FROM employee ORDER BY salary DESC;


|  1 | messi   | 1987-02-01 | M    | DEV_BACK  | 400000000 |    1003 |
|  2 | JANE    | 1996-05-05 | F    | DSGN      | 360000000 |    1004 |
| 10 | NICOLE  | 1991-03-26 | F    | DEV_FRONT | 360000000 |    1003 |
| 12 | CURRY   | 1998-01-15 | M    | PLN       | 340000000 |    1005 |
...
```

이번엔 **부서 별로 묶어**, 같은 부서 내에서 연봉 순서로 나열해보자.
```sql
SELECT * FROM employee ORDER BY dept_id ASC, salary DESC;

+----+---------+------------+------+-----------+-----------+---------+
| id | name    | birth_date | sex  | position  | salary    | dept_id |
+----+---------+------------+------+-----------+-----------+---------+
|  4 | BROWN   | 1996-03-13 | M    | CEO       | 240000000 |    1001 |
|  5 | DINGYO  | 1990-11-05 | M    | CTO       | 240000000 |    1001 |
|  6 | JULIA   | 1986-12-11 | F    | CFO       | 240000000 |    1001 |
|  9 | HENRY   | 1982-05-20 | M    | HR        | 164000000 |    1002 |
|  1 | messi   | 1987-02-01 | M    | DEV_BACK  | 400000000 |    1003 |
| 10 | NICOLE  | 1991-03-26 | F    | DEV_FRONT | 360000000 |    1003 |
| 14 | SAM     | 1992-08-04 | M    | DEV_INFRA | 280000000 |    1003 |
|  3 | JENNY   | 2000-10-12 | F    | DEV_BACK  | 200000000 |    1003 |
|  2 | JANE    | 1996-05-05 | F    | DSGN      | 360000000 |    1004 |
|  7 | MINA    | 1993-06-17 | F    | DSGN      | 320000000 |    1004 |
| 12 | CURRY   | 1998-01-15 | M    | PLN       | 340000000 |    1005 |
| 13 | JISUNG  | 1989-07-07 | M    | PO        | 180000000 |    1005 |
| 11 | SUZANNE | 1993-03-23 | F    | PO        | 150000000 |    1005 |
+----+---------+------------+------+-----------+-----------+---------+
```
결과를 보면 알 수 있듯, **우선** dept_id를 기준으로 정렬한다.\
그 후, 연봉을 내림차순으로 정렬하는걸 확인할 수 있다.
<br/>
<br/>

## aggregate function
여러 tuple들의 정보를 요약해서 하나의 값으로 추출하는 함수.\
대표적으로 COUNT, SUM, MAX, MIN, AVG 함수가 있다.

주로 관심있는 attribute에 사용된다 e.g.) AVG(salary), MAX(birth_date)\
NULL값들은 제외하고 요약 값을 추출한다.

### aggregate function 예제 1
임직원 수를 알고 싶다.
```sql
SELECT COUNT(*) FROM employee;

+----------+
| COUNT(*) |
+----------+
|       13 |
+----------+
```
<br/>

### aggregate function 예제 2
프로젝트 2002에 참여한 임직원 수와, 최대 연봉, 최소 연봉, 평균 연봉
```sql
SELECT COUNT(*), MAX(salary), MIN(salary), AVG(salary) 
FROM works_on W JOIN employee E ON W.empl_id = E.id 
WHERE W.proj_id = 2002;
```

<br/>

## GROUP BY

관심있는 attribute(s) 기준으로 그룹을 나눠서 \
**그룹별로 aggregate function을 적용하고 싶을 때 사용**한다.

* grouping attribute(s): 그룹을 나누는 기준이 되는 attribute(s)

grouping attribute(s)에 NULL 값이 있을 때는 NULL 값을 가지는 tuple끼리 묶인다.

### GROUP BY 예제
바로 앞서 예제를 이어서 확인해보자.\
각 프로젝트에 참여한 임직원 수와 최대 연봉과 최소 연봉, 평균 연봉

```sql
SELECT W.proj_id, COUNT(*), MAX(salary), MIN(salary), AVG(salary) 
FROM works_on W JOIN employee E ON W.empl_id = E.id 
GROUP BY W.proj_id;

+---------+----------+-------------+-------------+----------------+
| proj_id | COUNT(*) | MAX(salary) | MIN(salary) | AVG(salary)    |
+---------+----------+-------------+-------------+----------------+
|    2001 |        3 |   400000000 |   180000000 | 273333333.3333 |
|    2003 |        2 |   340000000 |   320000000 | 330000000.0000 |
+---------+----------+-------------+-------------+----------------+
```
각각의 통계를 어떤 프로젝트에 대한 통계인지 알기 위해, proj_id를 넣어줘야 한다.
<br/>
<br/>

## having
GROUP BY와 함께 사용한다.\
aggregate function의 결과값을 바탕으로 그룹을 필터링하고 싶을 때 사용한다.\
HAVING절에 명시된 조건을 만족하는 그룹만 결과에 포함된다.

### having 예제
프로젝트 참여 인원이 7명 이상인 프로젝트들에 대해,\
각 프로젝트에 참여한 임직원의 수와 최대, 최소, 평균 연봉 탐색.
```sql
SELECT W.proj_id, COUNT(*), MAX(salary), MIN(salary), AVG(salary) 
FROM works_on W JOIN employee E ON W.empl_id = E.id 
GROUP BY W.proj_id;
HAVING COUNT(*) >= 3;

+---------+----------+-------------+-------------+----------------+
| proj_id | COUNT(*) | MAX(salary) | MIN(salary) | AVG(salary)    |
+---------+----------+-------------+-------------+----------------+
|    2001 |        3 |   400000000 |   180000000 | 273333333.3333 |
+---------+----------+-------------+-------------+----------------+
```
<br/>

## 예제 탐색
### 예제 1
각 부서별 인원수를 인원수가 많은 순서대로 정렬
```sql
SELECT dept_id, COUNT(*) AS empl_count FROM employee
GROUP BY dept_id
ORDER BY empl_count DESC;

+---------+------------+
| dept_id | empl_count |
+---------+------------+
|    1003 |          4 |
|    1001 |          3 |
|    1005 |          3 |
|    1004 |          2 |
|    1002 |          1 |
+---------+------------+
```
<br/>


### 예제 2
회사 전체의 평균 연봉보다 평균 연봉이 적은 부서들의 평균 연봉을 알고 싶다.
```sql
SELECT dept_id, AVG(salary) 
FROM employee 
GROUP BY dept_id
HAVING AVG(salary) < (
            SELECT AVG(salary) FROM employee
      );

+---------+----------------+
| dept_id | AVG(salary)    |
+---------+----------------+
|    1001 | 240000000.0000 |
|    1002 | 164000000.0000 |
|    1005 | 223333333.3333 |
+---------+----------------+
```
<br/>


### 예제 3
각 프로젝트별 프로젝트에 참여한 90년대생 수와 평균 연봉
```sql
SELECT proj_id, COUNT(*), ROUND(AVG(salary), 0)
FROM works_on W JOIN employee E ON w.empl_id = E.id
WHERE E.birth_date BETWEEN '1990-01-01' AND '1999-12-31' 
GROUP BY W.proj_id
ORDER BY W.proj_id;

+---------+----------+-----------------------+
| proj_id | COUNT(*) | ROUND(AVG(salary), 0) |
+---------+----------+-----------------------+
|    2001 |        1 |             240000000 |
|    2003 |        2 |             330000000 |
+---------+----------+-----------------------+
```
추가로, 프로젝트 참여 인원이 7명 이상인 프로젝트로 한정해보자.
```sql
SELECT proj_id, COUNT(*), ROUND(AVG(salary), 0)
FROM works_on W JOIN employee E ON w.empl_id = E.id
WHERE E.birth_date BETWEEN '1990-01-01' AND '1999-12-31' 
GROUP BY W.proj_id
HAVING COUNT(*) >= 7
ORDER BY W.proj_id;
```
쉽게 생각하면 위처럼 having을 사용하겠지만, 아니다.\
여기서 having에 사용된 count는 그룹핑을 한 뒤, 각 그룹에 대해 카운트를 한 것이다.\
따라서, 이 때의 count는 **프로젝트 참여 인원 수**가 아닌 \
**프로젝트에 참여한 90년대생의 수**이므로, where절을 사용해야만 한다.

```sql
SELECT proj_id, COUNT(*), ROUND(AVG(salary), 0)
FROM works_on W JOIN employee E ON w.empl_id = E.id
WHERE E.birth_date BETWEEN '1990-01-01' AND '1999-12-31' AND
      W.proj_id IN (  SELECT proj_id 
                      FROM works_ON
                      GROUP BY proj_id
                      HAVING COUNT(*) >= 7
                )
GROUP BY W.proj_id
ORDER BY W.proj_id;
```
having 키워드를 사용해선 안된다. 
<br/>


## SELECT 총 정리
SELECT `attributes or aggregate functions`
FROM `tables`
[ WHERE `conditions`]
[ GROUP BY `group attributes`]
[ HAVING `group conditions`]
[ ORDER BY `attributes`]
